10667225
10350315
10667208
10667207
10667205
10667204
10667196
10667184
10667181
10667180
10667177
10667173
10667172
10667171
10667161
10667152
10667149
10667148
10667145
10667126
10667125
10666989
10552521
10667113
10667068
10667039
10631726
10667036
10667024
10667022
10667015
10667013
10667011
10666999
10666998
10666982
10666977
10666963
10666958
10666955
10662997
10666948
10666942
10576566
10666927
10606737
10666925
10666914
10666908
10666907
10666904
10666899
10666898
10666891
10666884
10666879
10666878
10666861
10666856
10666848
10666846
10666843
10666834
10666827
10666822
10666818
10666814
10666808
10666807
10666803
10666801
10472667
10666785
10666782
10666778
10666769
10666753
10666749
10666742
10666739
10666738
10666737
10666736
10666735
10666734
10666733
10666732
10666731
10666730
10666720
10566105
10464534
10395504
10666697
10666670
10666669
10666641
10666640
10249383
10420223
10666607
10666577
10666575
10666554
10666553
10666541
10614875
10472531
10666536
10666535
10666533
10666532
10666531
10666530
10666529
10666522
10666521
10666516
10666512
10666507
10666505
10666502
10666492
10666491
10666474
10666472
10666471
10666470
10666467
10666465
10666439
10666437
10666431
10666430
10666429
10666424
10666422
10666421
10666413
10666403
10666397
10506515
10506513
10506511
10506510
10666383
10666381
10666360
10666356
10666348
10666347
10560725
10666334
10666308
10666307
10666278
10666277
10666267
10666266
10666253
10666250
10666249
10666243
10545687
10666242
10666241
10666239
10563903
10666229
10666226
10666196
10666192
10666188
10666178
10666174
10666163
10513642
10666135
10666126
10666125
10666118
10666116
10666115
10666102
10666095
10666092
10666083
10666073
10666069
10666063
10666061
10666038
10666032
10666015
10666014
10666007
10665978
10665977
10665976
10665970
10665969
10665968
10665967
10665966
10665963
10665961
10665960
10665959
10665958
10665957
10665956
10665955
10665954
10665953
10665952
10665951
10665950
10665949
10665948
10665947
10665946
10665945
10665944
10665943
10665942
10665941
10665940
10665939
10665938
10665937
10665936
10665935
10665934
10665933
10665932
10665931
10665930
10665929
10665928
10665923
10665922
10665921
10665920
10665919
10665918
10665917
10665916
10665881
10665880
10665879
10665878
10665877
10665876
10665875
10665874
10665873
10665845
10665844
10665843
10665842
10665841
10665840
10665838
10665829
10665828
10665827
10665826
10665825
10665824
10665823
10665822
10665821
10665819
10665817
10665816
10665815
10665811
10665808
10665805
10665798
10645070
10665755
10665747
10665746
10665744
10626416
10665722
10665711
10665704
10665700
10665699
10665696
10665680
10665668
10665666
10665665
10665662
10665661
10665658
10665656
