10667226
10125159
10667224
10667223
10667222
10667221
10667219
10667206
10667201
10667194
10667193
10667192
10667191
10644067
10667189
10631705
10667169
10568209
10664621
10667167
10667166
10667165
10667164
10667156
10289078
10667154
10667147
10667129
10667127
10667121
10667120
10667115
10667114
10667108
10667105
10667102
10667054
10667032
10667023
10666996
10667020
10667019
10667014
10589415
10667005
10667003
10643228
10478162
10666992
10666990
10666986
10666985
10666984
10666983
10666978
10666975
10666973
10666972
10666971
10666970
10666969
10666968
10666967
10666960
10666959
10666957
10666956
10666954
10666953
10666951
10666949
10666947
10666945
10666944
10666943
10240367
10666938
10518000
10574220
10643432
10591958
10666931
10666930
10666929
10666926
10666924
10666923
10666922
10512755
10666917
10666916
10666915
10623098
10666906
10666903
10539031
10666900
10545213
10666896
10666895
10666893
10666892
10666890
10609479
10666887
10666886
10666881
10666880
10666877
10455486
10666876
10449507
10666869
10666867
10666865
10666864
10666863
10666862
10666860
10666857
10666854
10666853
10666852
10666851
10666850
10666844
10555196
10666836
10666833
10666832
10666831
10666828
10605872
10666826
10666825
10666824
10666817
10666816
10666813
10666809
10666804
10666802
10617204
10666797
10666795
10666794
10666793
10666792
10666791
10666790
10420464
10666787
10666786
10666783
10666781
10666779
10613973
10666777
10666775
10666774
10666770
10666768
10666767
10666766
10666765
10666762
10666761
10666760
10666756
10666754
10666752
10666751
10666748
10666747
10666746
10666745
10666744
10666743
10666740
10666729
10666723
10666718
10666715
10666714
10666707
10666704
10666692
10666666
10666665
10666654
10666645
10666644
10576030
10666639
10666635
10666634
10666633
10666632
10613850
10666630
10666628
10666627
10666626
10666625
10666621
10666619
10666618
10666617
10666616
10666615
10666612
10666608
10666606
10666605
10666604
10666600
10666595
10666594
10666593
10666592
10666591
10666579
10412594
10666573
10666555
10666551
10666550
10666546
10666544
10666543
10666540
10643698
10588137
10666539
10666538
10666534
10646390
10666528
10666526
10666525
10666524
10666523
10666520
10666519
10666517
10666515
10666514
10666511
10666509
10666503
10666501
10666500
10666499
10666495
10666493
10666485
10666484
10666482
10666481
10666479
10666476
10666473
10666468
10666466
10666461
10666444
10666436
10666435
10666434
10666433
10666428
10666426
10666423
10666419
10666418
10666417
10666416
10666412
10666411
10666410
10666409
10666405
10666402
10666396
10666393
10666390
10666385
10666384
10526137
10666382
10666371
10666368
10666367
10666366
10666365
10666363
10666361
10666355
10666354
10666352
