10667401
10667400
10240367
10667399
10551415
10667398
10577313
10577312
10577311
10568671
10667397
10667394
10667392
10667385
10667384
10667383
10647512
10667380
10667379
10667378
10667376
10667374
10667372
10667370
10667369
10667368
10108799
10667363
10665501
10665500
10667412
10667406
10657621
10667396
10667393
10667391
10667390
10536020
10536019
10667360
10667358
10667357
10667355
10667354
10667336
10667335
10667333
10667330
10667329
10667325
10667324
10667321
9582373
10667319
10667317
10667315
10667312
10667311
10667309
10606265
10667359
10667352
10667339
10667332
10667328
10667327
10587464
10667316
10667313
10667310
10667305
10667303
10667302
10667297
10494822
10667294
10667287
10667286
10667285
10667282
10667280
10667273
10667266
10667263
10667262
10667249
10562613
10667248
10667247
10667246
10667295
10598559
10667288
10667258
10667237
10505086
10667231
10667225
10350315
10667208
10667207
10667205
10667204
10667196
10667184
10667181
10667180
10667177
10667173
10667172
10667171
10667161
10667152
10667149
10667148
10667145
10667126
10667125
10666989
10552521
10667245
10667244
10667243
10385794
10667242
10667238
10650437
10667233
10667230
10667226
10125159
10667224
10667223
10667222
10667221
10667219
10667206
10667201
10667194
10667193
10667192
10667191
10644067
10667189
10631705
10667169
10568209
10664621
10667167
10667166
10667113
10667068
10667039
10631726
10667036
10667024
10667022
10667015
10667013
10667011
10666999
10666998
10666982
10666977
10666963
10666958
10666955
10662997
10666948
10666942
10576566
10666927
10606737
10666925
10666914
10666908
10666907
10666904
10666899
10666898
10667165
10667164
10667156
10289078
10667154
10667147
10667129
10667127
10667121
10667120
10667115
10667114
10667108
10667105
10667102
10667054
10667032
10667023
10666996
10667020
10667019
10667014
10589415
10667005
10667003
10643228
10478162
10666992
10666990
10666986
10666899
10666898
10666891
10666884
10666879
10666878
10666861
10666856
10666848
10666846
10666843
10666834
10666827
10666822
10666818
10666814
10666808
10666807
10666803
10666801
10472667
10666785
10666782
10666778
10666769
10666753
10666749
10666742
10666739
10666738
10666985
10666984
10666983
10666978
10666975
10666973
10666972
10666971
10666970
10666969
10666968
10666967
10666960
10666959
10666957
10666956
10666954
10666953
10666951
10666949
10666947
10666945
10666944
10666943
10666938
10518000
10574220
10643432
10591958
10666931
10666737
10666736
10666735
10666734
10666733
10666732
10666731
10666730
10666720
10566105
10464534
10395504
10666697
10666670
10666669
10666641
10666640
10249383
10420223
10666607
10666577
10666575
10666554
10666553
10666541
10614875
10472531
10666536
10666535
10666533
10666930
10666929
10666926
10666924
10666923
10666922
10512755
10666917
10666916
10666915
10623098
10666906
10666903
10539031
10666900
10545213
10666896
10666895
10666893
10666892
10666890
10609479
10666887
10666886
10666881
10666880
10666877
10455486
10666876
10449507
10666532
10666531
10666530
10666529
10666522
10666521
10666516
10666512
10666507
10666505
10666502
10666492
10666491
10666474
10666472
10666471
10666470
10666467
10666465
10666439
10666437
10666431
10666430
10666429
10666424
10666422
10666421
10666413
10666403
10666397
10666869
10666867
10666865
10666864
10666863
10666862
10666860
10666857
10666854
10666853
10666852
10666851
10666850
10666844
10555196
10666836
10666833
10666832
10666831
10666828
10605872
10666826
10666825
10666824
10666817
10666816
10666813
10666809
10666804
10666802
10506515
10506513
10506511
10506510
10666383
10666381
10666360
10666356
10666348
10666347
10560725
10666334
10666308
10666307
10666278
10666277
10666267
10666266
10666253
10666250
10666249
10666243
10545687
10666242
10666241
10666239
10563903
10666229
10666226
10666196
10617204
10666797
10666795
10666794
10666793
10666792
10666791
10666790
10420464
10666787
10666786
10666783
10666781
10666779
10613973
10666777
10666775
10666774
10666770
10666768
10666767
10666766
10666765
10666762
10666761
10666760
10666756
10666754
10666752
10666751
10666192
10666188
10666178
10666174
10666163
10513642
10666135
10666126
10666125
10666118
10666116
10666115
10666102
10666095
10666092
10666083
10666073
10666069
10666063
10666061
10666038
10666032
10666015
10666014
10666007
10665978
10665977
10665976
10665970
10665969
10666748
10666747
10666746
10666745
10666744
10666743
10666740
10666729
10666723
10666718
10666715
10666714
10666707
10666704
10666692
10666666
10666665
10666654
10666645
10666644
10576030
10666639
10666635
10666634
10666633
10666632
10613850
10666630
10666628
10666627
10665966
10665963
10665961
10665960
10665959
10665958
10665957
10665956
10665955
10665954
10665953
10665952
10665951
10665950
10665949
10665948
10665947
10665946
10665945
10665944
10665943
10665942
10665941
10665940
10665939
10665938
10665937
10665936
10665935
10665934
10666626
10666625
10666621
10666619
10666618
10666617
10666616
10666615
10666612
10666608
10666606
10666605
10666604
10666600
10666595
10666594
10666593
10666592
10666591
10666579
10412594
10666573
10666555
10666551
10666550
10666546
10666544
10666543
10666540
10643698
10665935
10665934
10665933
10665932
10665931
10665930
10665929
10665928
10665923
10665922
10665921
10665920
10665919
10665918
10665917
10665916
10665881
10665880
10665879
10665878
10665877
10665876
10665875
10665874
10665873
10665845
10665844
10665843
10665842
10665841
